169.08
105.10
139.51
106.38
169.88
152.85
138.85
137.57
113.85
117.70
168.79
138.96
146.84
153.62
182.83
141.32
184.25
136.48
171.02
111.70
105.10
153.44
176.10
113.23
114.78
191.40
160.24
158.37
128.03
186.42
196.54
126.58
119.66
146.19
169.64
144.15
140.14
185.76
183.41
178.49
195.45
123.15
189.89
182.27
146.02
165.99
173.41
133.73
188.68
182.76
146.78
158.82
146.91
193.14
141.79
187.74
109.92
130.64
105.95
194.37
129.05
127.77
148.90
190.11
101.11
149.05
117.58
195.74
142.82
150.45
117.51
194.36
187.62
175.09
138.96
176.60
116.99
104.58
191.44
125.19
171.89
173.02
197.92
150.29
177.00
116.23
150.64
179.04
150.02
172.86
184.83
123.45
161.70
175.82
183.40
199.12
158.28
172.59
186.23
143.96
157.39
191.39
140.85
190.93
180.85
126.16
197.86
181.69
193.48
148.21
124.24
169.08
175.64
164.65
180.06
145.54
168.93
134.55
180.45
151.76
199.82
122.80
143.38
165.47
103.45
118.26
105.94
143.56
141.60
168.19
177.34
192.67
132.77
184.08
184.75
172.81
189.94
155.27
160.19
196.86
192.02
166.31
110.73
174.52
198.89
151.64
112.53
163.78
156.42
136.70
169.61
134.73
128.18
108.74
182.82
121.72
133.34
132.25
181.06
137.49
166.56
174.25
177.46
150.44
124.98
132.78
126.34
180.34
169.82
168.42
173.51
151.01
105.75
122.90
111.82
149.45
169.79
171.71
176.90
180.13
183.40
198.28
143.77
170.24
136.24
195.88
113.93
177.43
138.30
100.94
114.86
174.72
198.18
135.85
169.03
139.29
159.68
193.26
127.69
151.36
156.21
124.62
106.71
117.54
123.25
105.60
105.79
168.67
142.60
138.47
140.50
146.89
179.16
117.16
167.47
188.39
110.73
124.73
136.76
129.17
144.56
154.93
162.94
109.34
160.49
149.38
166.41
128.32
119.79
120.56
199.99
108.05
131.36
186.73
142.26
154.30
172.45
179.68
108.75
166.95
119.73
198.51
104.97
139.68
158.42
173.73
120.83
106.37
102.12
174.50
145.50
137.28
173.95
138.87
163.27
161.29
171.00
132.17
176.91
192.46
158.10
141.73
192.70
168.73
114.78
197.38
193.46
168.49
189.44
166.99
120.04
157.03
198.66
113.53
179.78
128.64
146.42
116.17
101.19
152.84
127.87
151.44
158.17
103.34
125.27
102.84
194.14
146.91
100.16
117.11
186.82
196.13
134.84
153.62
107.71
184.68
178.96
179.81
146.79
106.68
112.32
150.01
192.60
172.77
143.94
167.52
180.79
174.64
129.05
170.67
149.78
117.19
100.66
102.25
171.50
172.62
180.62
118.97
157.01
134.55
155.86
172.29
172.43
101.94
180.31
145.59
138.51
101.99
190.06
163.77
129.15
169.68
100.02
100.86
128.43
137.14
184.16
198.83
153.76
150.46
127.90
176.69
103.39
123.88
181.62
152.46
140.64
161.46
136.77
122.86
184.51
125.10
192.88
145.60
136.11
104.36
182.46
147.28
134.33
148.32
173.69
136.41
100.15
152.52
176.22
135.26
198.97
155.33
133.90
157.31
122.92
186.95
100.42
147.26
170.99
131.74
158.50
169.80
184.00
109.79
161.49
180.12
173.26
157.56
147.37
134.40
167.31
188.47
199.46
101.39
189.32
144.76
105.60
118.12
169.42
109.36
198.13
191.60
190.53
132.80
140.75
186.49
164.44
144.30
164.95
154.18
135.44
158.30
148.95
152.56
112.99
158.53
174.89
177.89
141.84
139.63
196.32
180.13
128.59
113.57
197.38
161.39
156.72
142.62
127.40
163.45
138.88
143.47
150.38
134.86
174.67
118.37
157.23
130.62
105.03
108.13
150.87
138.28
180.13
129.13
128.74
143.00
186.84
152.03
155.81
141.28
113.67
103.24
142.04
187.94
166.68
121.93
112.68
114.31
187.96
185.26
187.29
186.98
170.00
122.15
163.81
185.70
103.66
172.25
137.79
166.89
145.46
110.78
173.67
144.70
140.63
152.09
184.94
165.73
192.37
165.51
173.12
174.97
124.93
185.14
121.62
171.31
148.51
172.48
139.89
128.47
196.91
194.92
105.78
114.17
176.13
116.67
159.41
174.41
130.82
159.12
160.79
162.49
109.07
177.42
135.06
183.15
181.36
116.73
194.18
191.05
148.76
157.52
142.08
129.62
157.48
132.49
141.40
121.68
122.22
199.46
144.18
126.23
148.98
184.51
166.42
157.27
139.76
167.21
117.08
119.92
156.01
166.21
175.45
156.78
115.32
197.29
148.06
113.12
197.24
118.52
125.85
123.38
137.37
147.38
105.71
193.44
196.75
133.35
136.49
103.11
103.24
196.15
198.94
181.80
175.27
194.42
131.51
116.20
154.81
172.82
169.51
133.82
195.97
146.36
173.83
168.40
178.35
119.89
187.10
154.16
140.37
108.24
170.34
114.60
156.50
117.58
141.11
108.64
114.66
172.34
155.17
171.87
185.28
123.55
148.42
143.91
111.78
154.37
182.84
104.40
193.91
106.34
121.07
149.36
179.77
186.08
187.83
127.42
130.46
176.15
163.11
121.15
171.69
166.27
192.27
102.43
101.20
141.30
190.83
113.00
177.54
111.13
168.41
121.07
176.39
144.07
195.29
183.61
163.55
170.21
187.39
199.73
100.68
154.35
191.57
175.43
169.23
198.62
111.10
132.42
170.70
124.63
123.66
184.51
137.61
101.87
108.68
173.85
168.00
134.76
119.19
106.30
179.02
194.07
104.33
150.32
159.99
180.21
113.23
167.04
193.78
135.74
188.08
120.36
107.05
182.11
185.19
175.60
104.27
142.04
146.10
132.67
138.38
122.70
177.98
155.51
171.69
177.56
192.28
153.43
184.75
134.74
193.66
141.89
197.95
178.69
107.68
160.34
180.90
198.29
184.58
153.14
138.06
169.51
119.46
125.62
175.50
123.50
184.27
172.12
173.40
162.25
175.98
135.25
111.59
122.77
147.13
196.48
121.31
158.39
199.65
116.74
165.41
100.96
191.19
143.15
181.33
191.32
124.29
172.59
156.39
117.09
162.89
116.45
143.48
176.65
148.47
141.90
166.37
195.97
168.19
174.87
109.07
161.13
161.63
137.16
130.78
193.43
139.06
156.08
199.32
186.29
124.50
128.70
189.78
143.58
129.56
145.00
152.17
107.64
110.57
173.89
112.20
141.57
160.54
194.81
132.79
135.69
140.12
113.52
130.14
140.47
157.21
135.45
108.11
189.56
163.60
182.46
147.24
165.69
148.72
129.54
160.69
179.34
175.85
107.00
108.34
175.59
123.71
160.44
142.45
158.24
167.97
186.07
143.57
121.57
161.31
162.18
193.61
110.38
148.25
178.62
124.72
186.39
181.33
126.12
177.12
165.47
189.10
144.39
196.68
104.14
183.15
143.96
104.18
156.14
181.29
110.44
171.99
190.27
167.14
171.99
151.02
159.17
102.45
160.58
101.31
135.47
158.03
126.32
192.52
186.48
131.25
170.01
157.73
141.53
174.10
143.81
102.91
116.95
163.97
132.52
197.74
103.13
111.58
168.49
199.01
185.09
115.16
152.34
186.87
163.65
138.18
148.26
126.49
167.57
108.97
198.12
102.78
198.91
115.11
151.62
114.29
133.61
192.74
141.09
153.77
107.00
191.50
139.16
147.86
150.29
129.64
124.84
175.55
108.00
140.54
149.65
136.51
158.72
151.83
138.88
194.15
181.92
131.42
185.41
175.14
162.15
180.93
193.29
167.99
198.48
156.22
106.78
125.96
192.04
147.36
116.70
146.75
117.18
155.78
170.49
170.41
143.05
165.11
124.96
110.21
161.25
113.94
171.55
106.78
192.99
143.85
132.53
174.77
193.89
114.00
173.66
193.87
148.82
144.68
104.18
180.56
150.38
176.79
137.63
166.09
184.51
111.41
169.01
197.11
104.68
124.31
182.80
170.37
162.11
133.93
144.14
110.42
173.75
138.17
141.16
100.33
151.65
125.25
140.37
179.28
188.42
106.97
188.83
128.06
191.23
118.96
147.05
173.84
184.17
181.70
164.84
158.85
153.09
118.68
118.39
134.17
190.24
183.43
111.83
159.41
106.80
156.17
108.51
111.90
120.87
132.23
198.54
134.79
195.51
139.70
127.54
182.57
196.90
191.65
108.78
154.50
166.36
199.38
115.92
141.86
151.38
147.81
106.68
153.22
120.91
161.05
159.30
123.38
197.70
167.27
112.97
156.45
176.86
105.37
191.15
101.03
163.76
102.76
152.12
106.53
156.77
193.77
155.54
163.71
120.63
140.97
154.98
189.32
145.03
167.94
127.21
175.44
159.29
111.60
126.80
187.12
179.07
